ID,G,GS,CG,ShO,W,L,SV,BS,HO,IP,BF,AB,H,D,T,HR,BB,HP,ER,R,K
2831,31,31,0,0,13,9,0,0,0,197,0,0,165,0,0,23,54,0,76,83,204,ZWheeler
6531,31,31,0,0,12,9,0,0,0,194,0,0,150,0,0,25,47,0,72,79,192,LGilbert
4053,31,31,0,0,11,10,0,0,0,192,0,0,162,0,0,21,57,0,78,85,186,KGausman
6407,29,29,0,0,12,9,0,0,0,190,0,0,157,0,0,19,60,0,73,82,173,FValdez
4464,31,31,0,0,10,11,0,0,0,190,0,0,166,0,0,27,59,0,86,94,162,JBerrios
5137,31,31,0,0,11,10,0,0,0,189,0,0,148,0,0,24,56,0,75,82,183,LMCastillo
6227,31,31,0,0,11,10,0,0,0,188,0,0,160,0,0,23,51,0,77,84,189,PLopez
4916,29,29,0,0,12,9,0,0,0,187,0,0,165,0,0,26,49,0,77,85,177,ANola
6725,29,29,0,0,12,9,0,0,0,187,0,0,164,0,0,16,47,0,72,80,159,LWebb
7077,31,31,0,0,12,8,0,0,0,185,0,0,144,0,0,17,44,0,60,66,203,TSkubal
5708,31,31,0,0,11,9,0,0,0,182,0,0,144,0,0,20,65,0,74,80,196,DCease
3678,29,29,0,0,9,11,0,0,0,182,0,0,169,0,0,25,68,0,91,99,147,TyAnderson
3895,29,29,0,0,10,10,0,0,0,180,0,0,180,0,0,25,41,0,86,93,133,MMikolas
5144,29,29,0,0,10,10,0,0,0,180,0,0,164,0,0,23,55,0,81,89,166,MKeller
3633,29,29,0,0,12,8,0,0,0,179,0,0,151,0,0,19,50,0,68,74,187,SGray
3309,31,31,0,0,13,6,0,0,0,178,0,0,141,0,0,16,47,0,63,68,204,CSale
6208,29,29,0,0,11,8,0,0,0,177,0,0,155,0,0,22,52,0,74,81,167,CBurnes
5706,29,29,0,0,8,11,0,0,0,177,0,0,176,0,0,23,51,0,81,89,151,SAlcantara
4194,29,29,0,0,11,8,0,0,0,176,0,0,146,0,0,18,52,0,66,74,162,MFried
4105,29,29,0,0,10,9,0,0,0,176,0,0,162,0,0,22,39,0,74,81,150,ZEflin
7592,29,29,0,0,11,9,0,0,0,176,0,0,147,0,0,19,60,0,73,81,174,HBrown
6497,29,29,0,0,10,10,0,0,0,176,0,0,166,0,0,22,51,0,78,86,157,BSinger
4773,29,29,0,0,10,10,0,0,0,176,0,0,151,0,0,22,61,0,78,85,162,CBassitt
4997,29,29,0,0,8,11,0,0,0,176,0,0,156,0,0,25,58,0,84,92,154,LSeverino
4137,29,29,0,0,9,10,0,0,0,175,0,0,160,0,0,21,61,0,81,90,138,MStroman
5417,31,31,0,0,10,9,0,0,0,174,0,0,158,0,0,20,50,0,73,80,160,SLugo
7429,31,31,0,0,9,10,0,0,0,174,0,0,163,0,0,24,56,0,83,91,149,JIrvin
6703,29,29,0,0,11,8,0,0,0,174,0,0,144,0,0,17,50,0,69,75,164,JSteele
3809,28,28,0,0,10,9,0,0,0,172,0,0,143,0,0,22,51,0,70,78,158,NEovaldi
6198,29,29,0,0,11,8,0,0,0,172,0,0,151,0,0,17,51,0,69,76,148,THouck
4802,28,28,0,0,10,9,0,0,0,171,0,0,153,0,0,22,57,0,76,84,157,MKelly
4080,29,29,0,0,10,9,0,0,0,170,0,0,158,0,0,21,52,0,76,83,153,MWacha
4437,31,31,0,0,10,9,0,0,0,170,0,0,138,0,0,24,55,0,72,78,176,CRodon
7892,29,29,0,0,8,11,0,0,0,169,0,0,153,0,0,25,52,0,82,88,140,JSears
8585,28,28,0,0,11,8,0,0,0,169,0,0,142,0,0,25,43,0,71,77,160,SImanaga
3202,28,28,0,0,10,9,0,0,0,168,0,0,153,0,0,23,42,0,77,83,135,JTaillon
6454,29,29,0,0,10,9,0,0,0,167,0,0,141,0,0,23,49,0,70,77,174,YKikuchi
7041,28,28,0,0,10,8,0,0,0,167,0,0,137,0,0,18,32,0,63,69,154,JGKirby
8166,29,29,0,0,10,8,0,0,0,167,0,0,138,0,0,20,47,0,65,71,169,TBibee
5888,29,29,0,0,9,9,0,0,0,167,0,0,141,0,0,26,52,0,74,80,171,NPivetta
7533,29,29,0,0,10,9,0,0,0,166,0,0,140,0,0,24,45,0,69,75,170,BOber
6188,31,31,0,0,9,9,0,0,0,166,0,0,146,0,0,20,60,0,76,83,165,MGore
5521,29,29,0,0,10,8,0,0,0,164,0,0,134,0,0,23,57,0,70,76,178,FPeralta
5121,28,28,0,0,9,9,0,0,0,164,0,0,150,0,0,20,51,0,73,79,144,EFedde
8118,29,29,0,0,10,8,0,0,0,163,0,0,130,0,0,21,45,0,65,70,153,BMiller
7276,28,28,0,0,10,9,0,0,0,163,0,0,137,0,0,25,42,0,69,75,169,JRyan
6448,28,28,0,0,11,7,0,0,0,160,0,0,137,0,0,17,48,0,64,70,158,ZGallen
4950,28,28,0,0,6,11,0,0,0,159,0,0,172,0,0,25,46,0,84,91,118,KFreeland
5800,29,29,0,0,10,8,0,0,0,159,0,0,132,0,0,17,56,0,64,70,171,CRagans
4366,29,29,0,0,12,6,0,0,0,157,0,0,115,0,0,14,62,0,57,62,187,BSnell
6856,31,31,0,0,9,8,0,0,0,157,0,0,132,0,0,18,53,0,64,70,164,MKing
2676,28,28,0,0,7,11,0,0,0,157,0,0,148,0,0,20,55,0,77,84,121,MartPerez
6084,28,28,0,0,9,8,0,0,0,157,0,0,133,0,0,21,55,0,70,76,173,HGreene
8538,31,31,0,0,10,7,0,0,0,156,0,0,124,0,0,16,44,0,54,59,177,PSkenes
6308,26,26,0,0,10,8,0,0,0,156,0,0,138,0,0,17,48,0,65,72,141,RSuarez
5103,28,28,0,0,9,9,0,0,0,155,0,0,127,0,0,20,48,0,62,68,162,JFlaherty
7134,26,26,0,0,10,7,0,0,0,154,0,0,142,0,0,15,41,0,63,69,130,CSanchez
8722,31,31,0,0,10,7,0,0,0,154,0,0,135,0,0,18,38,0,63,69,143,SSchwellenbach
6817,28,28,0,0,8,9,0,0,0,153,0,0,138,0,0,20,52,0,72,78,134,DKremer
8119,26,26,0,0,10,7,0,0,0,153,0,0,136,0,0,21,39,0,66,71,149,PPfaadt
7865,26,26,0,0,9,8,0,0,0,152,0,0,132,0,0,17,53,0,64,72,138,BBello
6193,29,29,0,0,9,8,0,0,0,150,0,0,129,0,0,18,47,0,64,70,144,CSchmidt
7918,29,29,0,0,8,9,0,0,0,150,0,0,125,0,0,22,48,0,65,71,151,TBradley
7700,28,28,0,0,6,11,0,0,0,150,0,0,144,0,0,22,52,0,78,85,113,JCannon
6990,23,23,0,0,8,9,0,0,0,149,0,0,141,0,0,21,39,0,70,77,120,TSugano
61,24,24,0,0,8,9,0,0,0,147,0,0,124,0,0,19,58,0,70,77,145,CMorton
5593,26,26,0,0,6,11,0,0,0,147,0,0,159,0,0,26,44,0,79,86,108,AGomber
8132,24,24,0,0,11,6,0,0,0,146,0,0,118,0,0,13,41,0,52,57,152,YYamamoto
6585,28,28,0,0,9,7,0,0,0,146,0,0,118,0,0,15,59,0,62,68,152,KSenga
5047,29,29,0,0,10,6,0,0,0,145,0,0,127,0,0,15,47,0,59,63,145,RLopez
7450,29,29,0,0,8,8,0,0,0,145,0,0,125,0,0,24,61,0,68,74,139,RBlanco
7438,29,29,0,0,8,8,0,0,0,145,0,0,118,0,0,21,53,0,63,69,152,RPepiot
4597,24,24,0,0,11,5,0,0,0,144,0,0,109,0,0,16,42,0,50,55,164,TGlasnow
504,24,24,0,0,8,8,0,0,0,144,0,0,134,0,0,17,41,0,67,72,122,JVerlander
6224,26,26,0,0,9,7,0,0,0,143,0,0,124,0,0,18,45,0,61,66,142,JLuzardo
6196,26,26,0,0,9,7,0,0,0,143,0,0,126,0,0,14,49,0,63,70,131,DPeterson
2919,24,24,0,0,7,9,0,0,0,142,0,0,131,0,0,20,47,0,71,76,131,LLynn
7832,28,28,0,0,6,10,0,0,0,142,0,0,141,0,0,20,50,0,71,77,121,RFeltner
8287,23,23,0,0,7,9,0,0,0,141,0,0,134,0,0,22,50,0,71,77,115,LOrtiz
4443,26,26,0,0,8,7,0,0,0,141,0,0,122,0,0,20,46,0,65,70,134,SManaea
8762,26,26,0,0,7,8,0,0,0,140,0,0,130,0,0,17,49,0,67,72,125,MParker
8437,26,26,0,0,8,7,0,0,0,139,0,0,111,0,0,17,35,0,55,60,130,BWoo
2044,24,24,0,0,8,8,0,0,0,139,0,0,120,0,0,18,41,0,61,66,133,YDarvish
8136,28,28,0,0,7,8,0,0,0,139,0,0,120,0,0,17,45,0,60,66,128,ROlson
4146,26,26,0,0,7,8,0,0,0,139,0,0,129,0,0,20,41,0,65,71,133,AHeaney
4404,24,24,0,0,8,7,0,0,0,138,0,0,126,0,0,16,45,0,62,67,121,ERodriguez
7365,28,28,0,0,9,6,0,0,0,137,0,0,106,0,0,18,41,0,50,54,163,GCrochet
7824,28,28,0,0,8,7,0,0,0,137,0,0,113,0,0,15,50,0,57,62,137,GWilliams
3685,28,28,0,0,7,8,0,0,0,137,0,0,110,0,0,22,46,0,64,69,153,RRay
5513,28,28,0,0,6,10,0,0,0,137,0,0,141,0,0,23,48,0,72,79,116,GMarquez
7061,24,24,0,0,8,8,0,0,0,136,0,0,123,0,0,18,43,0,63,68,125,ACivale
4880,26,26,0,0,7,8,0,0,0,136,0,0,126,0,0,21,44,0,66,72,107,BLively
5846,24,24,0,0,8,7,0,0,0,136,0,0,123,0,0,18,38,0,59,63,126,NCortes
3839,24,24,0,0,7,8,0,0,0,136,0,0,127,0,0,16,48,0,65,71,108,JQuintana
4620,23,23,0,0,6,9,0,0,0,135,0,0,134,0,0,20,41,0,69,76,100,KHendricks
5889,37,24,0,0,8,7,0,0,0,134,0,0,128,0,0,13,48,0,61,67,121,CHolmes
5797,24,24,0,0,5,10,0,0,0,134,0,0,141,0,0,19,51,0,75,82,97,CQuantrill
7360,24,19,0,0,7,7,0,0,0,130,0,0,126,0,0,19,38,0,62,68,104,RNelson
5857,26,26,0,0,8,6,0,0,0,129,0,0,109,0,0,15,38,0,52,56,133,BWoodruff
6500,26,26,0,0,7,7,0,0,0,129,0,0,107,0,0,18,41,0,52,58,133,SMcClanahan
7549,26,26,0,0,7,7,0,0,0,129,0,0,111,0,0,13,50,0,57,64,112,JSoriano
6958,26,26,0,0,7,8,0,0,0,129,0,0,119,0,0,16,46,0,61,66,108,SWoodsRichardson
7502,26,26,0,0,7,8,0,0,0,129,0,0,115,0,0,25,38,0,63,68,120,BFrancis
6189,26,26,0,0,6,8,0,0,0,129,0,0,112,0,0,17,50,0,61,67,116,SBaz
7491,23,23,0,0,9,5,0,0,0,128,0,0,98,0,0,14,41,0,48,51,159,SStrider
8577,24,24,0,0,7,7,0,0,0,127,0,0,105,0,0,15,51,0,57,62,131,SArrighetti
4553,25,21,0,0,6,8,0,0,0,127,0,0,123,0,0,18,55,0,66,73,103,MLorenzen
6606,23,23,0,0,8,6,0,0,0,125,0,0,104,0,0,14,40,0,51,56,130,GRodriguez
19,23,23,0,0,7,6,0,0,0,125,0,0,101,0,0,18,35,0,51,55,131,MScherzer
8135,23,23,0,0,7,7,0,0,0,125,0,0,118,0,0,18,45,0,62,66,116,AAbbott
6960,24,24,0,0,6,8,0,0,0,125,0,0,111,0,0,16,53,0,60,65,126,ECabrera
4445,21,21,0,0,7,7,0,0,0,124,0,0,111,0,0,16,40,0,56,62,107,JGray
5916,24,24,0,0,7,7,0,0,0,121,0,0,102,0,0,15,40,0,52,57,112,TMahle
6429,24,24,0,0,6,7,0,0,0,121,0,0,106,0,0,15,36,0,52,56,118,JSprings
6580,23,23,0,0,6,7,0,0,0,121,0,0,112,0,0,19,39,0,59,64,110,TMyers
6301,24,24,0,0,6,7,0,0,0,121,0,0,113,0,0,17,31,0,54,58,106,ZLittell
8208,24,24,0,0,5,8,0,0,0,121,0,0,108,0,0,16,42,0,57,63,109,DMartin
4900,24,24,0,0,6,7,0,0,0,121,0,0,125,0,0,17,33,0,59,64,101,NMartinez
8406,24,24,0,0,5,8,0,0,0,121,0,0,104,0,0,20,52,0,61,66,123,SBurke
7833,24,19,0,0,7,6,0,0,0,119,0,0,106,0,0,20,36,0,54,58,114,KCrawford
7513,19,19,0,0,5,8,0,0,0,119,0,0,121,0,0,17,35,0,64,71,74,JKochanowicz
8270,23,23,0,0,6,7,0,0,0,119,0,0,106,0,0,16,46,0,59,64,99,JAssad
8158,18,18,0,0,9,4,0,0,0,118,0,0,87,0,0,9,37,0,40,44,139,RokSasaki
7026,23,23,0,0,6,7,0,0,0,118,0,0,105,0,0,14,37,0,55,60,118,NLodolo
8495,22,16,0,0,5,8,0,0,0,117,0,0,111,0,0,17,36,0,57,62,95,MSpence
6578,26,18,0,0,7,6,0,0,0,115,0,0,107,0,0,15,39,0,56,61,96,GCanning
4563,23,23,0,0,8,5,0,0,0,113,0,0,83,0,0,14,21,0,38,41,139,JDeGrom
4198,23,23,0,0,8,5,0,0,0,113,0,0,88,0,0,15,40,0,45,49,127,SOhtaniP
8077,23,23,0,0,6,7,0,0,0,113,0,0,112,0,0,13,45,0,56,62,82,APallante
7363,23,23,0,0,5,8,0,0,0,113,0,0,113,0,0,17,39,0,59,65,99,MMeyer
5237,23,23,0,0,4,8,0,0,0,113,0,0,127,0,0,17,38,0,62,68,77,ASenzatela
7251,24,19,0,0,7,6,0,0,0,111,0,0,97,0,0,12,29,0,41,45,107,DRasmussen
4867,21,21,0,0,6,6,0,0,0,109,0,0,105,0,0,15,35,0,53,58,90,TWilliams
6940,21,21,0,0,5,7,0,0,0,109,0,0,110,0,0,17,34,0,56,60,85,BFalter
7705,18,18,0,0,5,7,0,0,0,109,0,0,102,0,0,17,42,0,56,62,93,LAllen
5809,22,18,0,0,6,6,0,0,0,109,0,0,102,0,0,15,30,0,50,54,97,CPaddack
5373,19,19,0,0,7,5,0,0,0,108,0,0,88,0,0,11,32,0,43,47,107,MBoyd
7075,21,21,0,0,7,5,0,0,0,105,0,0,81,0,0,12,31,0,39,43,113,KRocker
4040,21,21,0,0,6,6,0,0,0,105,0,0,91,0,0,17,40,0,51,55,106,LGiolito
5327,21,21,0,0,5,7,0,0,0,105,0,0,103,0,0,16,37,0,55,61,85,WBuehler
6366,21,21,0,0,5,7,0,0,0,105,0,0,97,0,0,13,42,0,53,58,90,JHicks
6947,18,18,0,0,5,6,0,0,0,102,0,0,89,0,0,16,42,0,52,57,99,JLeiter
8192,19,19,0,0,4,7,0,0,0,102,0,0,97,0,0,19,31,0,55,59,78,JEstes
3431,19,19,0,0,5,6,0,0,0,101,0,0,90,0,0,11,30,0,42,47,88,ACobb
6847,24,18,0,0,6,6,0,0,0,101,0,0,96,0,0,13,33,0,46,51,98,KBubic
2705,16,16,0,0,5,6,0,0,0,101,0,0,93,0,0,14,36,0,50,55,85,KGibson
6927,19,19,0,0,4,7,0,0,0,100,0,0,100,0,0,15,35,0,52,57,88,RWeathers
3339,16,16,0,0,5,6,0,0,0,98,0,0,92,0,0,14,31,0,49,54,76,PCorbin
8207,21,18,0,0,6,5,0,0,0,97,0,0,86,0,0,17,38,0,49,53,94,ASmithShawver
4524,19,19,0,0,5,5,0,0,0,97,0,0,87,0,0,13,35,0,48,53,88,FMontas
7335,18,15,0,0,5,6,0,0,0,97,0,0,84,0,0,13,35,0,45,49,98,RDetmers
8901,19,19,0,0,5,6,0,0,0,97,0,0,87,0,0,11,38,0,45,49,92,LRoupp
8487,18,18,0,0,4,7,0,0,0,97,0,0,93,0,0,13,37,0,50,53,97,CDollander
4541,21,16,0,0,5,5,0,0,0,96,0,0,92,0,0,12,29,0,45,49,81,SMatz
7117,16,16,0,0,5,5,0,0,0,94,0,0,84,0,0,12,28,0,42,46,82,KHart
5400,20,16,0,0,5,6,0,0,0,94,0,0,86,0,0,14,38,0,47,51,90,MSoroka
9205,21,16,0,0,4,6,0,0,1,94,0,0,87,0,0,13,33,0,46,51,86,SSmith
8659,20,16,0,0,4,6,0,0,0,93,0,0,82,0,0,12,34,0,44,48,85,OBido
6610,24,15,0,0,4,6,0,0,0,92,0,0,93,0,0,14,34,0,48,52,80,MLiberatore
7969,53,5,0,0,4,6,0,0,9,91,0,0,94,0,0,11,35,0,45,49,81,CMlodzinski
8918,24,10,0,0,5,5,0,0,0,90,0,0,75,0,0,9,41,0,39,42,89,YaRodriguez
7414,23,10,0,0,5,5,0,0,0,89,0,0,75,0,0,10,36,0,38,42,89,JCantillo
8122,18,18,0,0,5,5,0,0,0,89,0,0,80,0,0,14,30,0,42,46,82,HWesneski
5111,16,16,0,0,4,5,0,0,0,89,0,0,80,0,0,14,33,0,44,48,83,STurnbull
7706,18,18,0,0,4,5,0,0,0,89,0,0,77,0,0,12,33,0,44,48,86,KHarrison
6499,18,18,0,0,4,5,0,0,0,89,0,0,84,0,0,10,28,0,40,45,71,CMize
6467,18,18,0,0,4,6,0,0,0,89,0,0,83,0,0,12,34,0,44,48,77,JOviedo
7780,18,18,0,0,4,6,0,0,0,89,0,0,79,0,0,14,36,0,45,48,77,JJobe
7521,16,16,0,0,4,5,0,0,0,87,0,0,80,0,0,13,31,0,43,47,84,AMarsh
8900,19,15,0,0,4,5,0,0,0,85,0,0,71,0,0,11,37,0,41,44,89,HBirdsong
8237,18,15,0,0,5,4,0,0,0,84,0,0,69,0,0,11,31,0,36,39,88,BBrown
4985,24,11,0,0,5,4,0,0,0,82,0,0,80,0,0,10,27,0,38,41,80,GHolmes
8634,16,16,0,0,5,4,0,0,0,81,0,0,69,0,0,10,29,0,36,39,83,DFesta
8461,15,15,0,0,4,5,0,0,0,79,0,0,71,0,0,11,27,0,37,40,77,JJones
6086,15,15,0,0,5,4,0,0,0,78,0,0,66,0,0,8,20,0,29,32,75,SBieber
9091,15,11,0,0,4,4,0,0,0,78,0,0,72,0,0,13,19,0,36,39,73,ZMatthews
6520,20,10,0,0,3,6,0,0,0,78,0,0,79,0,0,13,25,0,42,46,62,BWilson
7333,13,13,0,0,4,5,0,0,0,76,0,0,69,0,0,11,27,0,39,42,56,EHancock
6466,20,8,0,0,5,4,0,0,0,76,0,0,71,0,0,8,27,0,35,38,62,DMay
9263,14,8,0,0,4,5,0,0,0,74,0,0,73,0,0,10,24,0,38,41,58,SOgasawara
8184,13,13,0,0,4,4,0,0,0,73,0,0,64,0,0,9,24,0,33,37,68,WWarren
7228,60,0,0,0,4,4,10,0,12,73,0,0,67,0,0,12,26,0,33,36,78,EUceta
6845,15,15,0,0,4,4,0,0,0,73,0,0,64,0,0,10,25,0,34,37,66,TGonsolin
5428,13,10,0,0,4,4,0,0,0,73,0,0,67,0,0,10,20,0,35,37,60,CRea
7074,15,15,0,0,4,4,0,0,0,73,0,0,58,0,0,9,33,0,33,35,76,LGil
8321,13,13,0,0,3,5,0,0,0,73,0,0,71,0,0,10,23,0,38,41,57,RVasquez
7917,15,15,0,0,3,5,0,0,0,73,0,0,68,0,0,12,24,0,35,37,77,EPerez
7033,75,0,0,0,5,3,35,0,0,72,0,0,66,0,0,6,17,0,24,26,67,EClase
7621,18,8,0,0,4,4,0,0,0,72,0,0,64,0,0,7,24,0,31,34,70,TMegill
6708,76,0,0,0,4,4,2,0,21,72,0,0,62,0,0,8,32,0,30,32,85,BAbreu
6078,17,10,0,0,4,4,0,0,0,71,0,0,65,0,0,8,27,0,33,36,61,IAnderson
7974,48,0,0,0,4,4,12,0,18,71,0,0,67,0,0,7,28,0,31,33,66,BBrieske
8454,13,13,0,0,4,4,0,0,0,71,0,0,63,0,0,10,25,0,34,37,66,CPovich
8636,19,5,0,0,3,5,0,0,0,71,0,0,70,0,0,11,23,0,37,40,55,MVasil
8641,66,0,0,0,5,3,28,0,2,70,0,0,62,0,0,6,21,0,25,28,78,RWalker
6176,73,0,0,0,4,4,4,0,17,70,0,0,73,0,0,8,17,0,31,34,53,TyRogers
4039,71,0,0,0,5,3,11,0,12,70,0,0,62,0,0,7,21,0,24,27,76,GJax
7546,23,0,0,0,5,3,0,0,11,70,0,0,64,0,0,8,16,0,25,28,67,GWhitlock
2894,78,0,0,0,5,3,28,0,0,70,0,0,55,0,0,7,38,0,27,30,93,AChapman
8763,49,0,0,0,4,4,4,0,13,70,0,0,67,0,0,10,22,0,30,33,71,JSlaten
6364,68,0,0,0,4,4,25,0,3,70,0,0,71,0,0,8,25,0,32,35,62,KFinnegan
8210,48,0,0,0,4,4,2,0,20,70,0,0,67,0,0,7,24,0,30,33,66,JKoenig
3796,16,8,0,0,4,4,0,0,0,69,0,0,68,0,0,9,25,0,35,38,54,TWalker
6428,60,0,0,0,4,3,2,0,15,69,0,0,65,0,0,8,29,0,30,33,72,RGarrett
5818,60,0,0,0,4,4,8,0,13,69,0,0,65,0,0,6,28,0,29,32,70,LErceg
5488,67,0,0,0,4,4,28,0,1,69,0,0,69,0,0,9,25,0,33,36,66,CEstevez
4528,23,0,0,0,3,4,16,0,7,68,0,0,63,0,0,8,22,0,30,33,60,MClevinger
8703,59,0,0,0,3,5,2,0,2,68,0,0,66,0,0,11,31,0,35,38,68,JLeasure
8469,71,0,0,0,5,3,2,0,19,68,0,0,58,0,0,5,23,0,23,25,81,CSmith
8255,48,0,0,0,4,4,2,0,14,68,0,0,66,0,0,10,21,0,30,33,61,HGaddis
7701,13,13,0,0,3,5,0,0,0,68,0,0,64,0,0,9,23,0,34,38,54,JTGinn
4929,73,0,0,0,5,3,36,0,0,68,0,0,63,0,0,7,18,0,26,28,69,RIglesias
8123,62,0,0,0,5,3,29,0,0,68,0,0,52,0,0,8,24,0,22,24,91,MMiller
5986,66,0,0,0,4,3,2,0,16,68,0,0,64,0,0,5,27,0,28,31,69,ABummer
4656,77,0,0,0,4,3,36,0,0,68,0,0,55,0,0,10,26,0,26,28,88,JHader
8398,68,0,0,0,4,3,13,0,9,68,0,0,59,0,0,7,23,0,25,28,75,RGarcia
5514,68,0,0,0,4,4,4,0,15,68,0,0,59,0,0,8,31,0,29,32,75,JLeclerc
7499,65,0,0,0,3,5,5,0,5,68,0,0,73,0,0,8,30,0,34,38,60,VVodnik
6592,18,6,0,0,4,4,0,0,3,67,0,0,67,0,0,9,25,0,35,38,61,JSuarez
8565,13,13,0,0,4,4,0,0,0,67,0,0,66,0,0,8,20,0,32,35,55,RLowder
6796,67,0,0,0,4,4,25,0,2,67,0,0,66,0,0,8,25,0,31,33,67,DBednar
6298,67,0,0,0,3,4,8,0,12,67,0,0,69,0,0,7,26,0,31,34,62,DSantana
5757,69,0,0,0,5,3,33,0,3,67,0,0,58,0,0,7,30,0,27,30,74,TanScott
4987,36,0,0,0,4,3,4,0,17,67,0,0,60,0,0,9,23,0,27,29,69,LWeaver
7551,67,0,0,0,4,4,4,0,8,67,0,0,64,0,0,7,22,0,27,30,63,WVest
8201,52,0,0,0,4,4,12,0,3,67,0,0,65,0,0,9,19,0,27,30,59,THolton
6643,60,0,0,0,4,3,30,0,0,66,0,0,58,0,0,7,21,0,25,28,72,JDuran
7478,73,0,0,0,4,4,2,0,10,66,0,0,58,0,0,6,32,0,29,31,72,EMiller
4750,64,0,0,0,4,4,8,0,12,66,0,0,68,0,0,7,22,0,29,32,55,DLaw
6699,69,0,0,0,4,3,6,0,9,65,0,0,64,0,0,8,20,0,28,30,63,JPayamps
6446,71,0,0,0,4,3,35,0,0,65,0,0,59,0,0,7,23,0,25,27,75,RHelsley
3680,78,0,0,0,4,3,12,0,8,65,0,0,58,0,0,7,22,0,27,29,71,JAdam
6169,67,0,0,0,4,4,4,0,10,65,0,0,65,0,0,9,21,0,29,31,66,EPagan
8093,65,0,0,0,4,4,6,0,9,65,0,0,64,0,0,8,26,0,30,33,62,RFernandez
6502,65,0,0,0,4,4,2,0,10,65,0,0,64,0,0,8,28,0,31,34,70,TSantillan
8010,11,11,0,0,3,4,0,0,0,65,0,0,60,0,0,9,18,0,32,34,55,MWaldron
4840,77,0,0,0,5,3,38,0,0,65,0,0,53,0,0,7,22,0,23,26,87,EDiaz
7890,22,0,0,0,4,3,2,0,20,65,0,0,60,0,0,7,26,0,29,32,61,JButto
4796,59,0,0,0,4,3,2,0,13,65,0,0,63,0,0,8,20,0,28,30,66,HHarvey
7372,13,13,0,0,3,4,0,0,0,64,0,0,56,0,0,6,26,0,30,33,64,CCavalli
6728,53,0,0,0,3,4,2,0,17,64,0,0,64,0,0,8,24,0,30,33,58,BBurke
4795,71,0,0,0,4,3,31,0,0,64,0,0,53,0,0,7,21,0,23,24,76,JHoffman
6550,57,0,0,0,4,3,0,0,12,64,0,0,59,0,0,7,18,0,24,27,69,KAkin
8299,60,0,0,0,4,3,25,0,6,64,0,0,58,0,0,6,30,0,27,30,67,JMartinez
8305,66,0,0,0,4,3,2,0,10,64,0,0,58,0,0,6,24,0,25,27,65,THerrin
7934,65,0,0,0,4,3,4,0,11,64,0,0,61,0,0,8,22,0,27,30,61,YCano
5817,14,8,0,0,4,3,0,0,0,64,0,0,61,0,0,8,20,0,31,34,51,PBlackburn
8408,70,0,0,0,3,4,6,0,5,64,0,0,59,0,0,7,28,0,29,32,64,FEllard
4806,57,0,0,0,4,3,15,0,0,64,0,0,60,0,0,6,13,0,22,25,62,ChMartin
8559,36,0,0,0,4,3,9,0,13,64,0,0,56,0,0,7,28,0,28,30,64,PHodge
7119,69,0,0,0,4,4,2,0,10,64,0,0,60,0,0,6,22,0,26,29,62,MRodriguez
6243,57,0,0,0,4,4,2,0,13,64,0,0,60,0,0,8,28,0,29,32,61,TyScott
6698,65,0,0,0,3,4,4,0,24,64,0,0,59,0,0,7,28,0,29,31,62,JWebb
6239,80,0,0,0,3,4,2,0,12,64,0,0,57,0,0,8,28,0,28,31,70,GCleavinger
8234,21,0,0,0,3,4,2,0,7,64,0,0,60,0,0,9,23,0,30,33,62,MMontgomery
6793,64,0,0,0,4,3,2,0,12,63,0,0,59,0,0,8,18,0,26,28,69,DLee
4507,69,0,0,0,4,3,5,0,19,63,0,0,59,0,0,8,27,0,27,30,70,PJohnson
2132,0,0,0,0,4,3,12,0,0,63,0,0,57,0,0,9,26,0,26,28,71,DRobertson
9163,45,0,0,0,3,4,3,0,8,63,0,0,62,0,0,7,30,0,30,33,68,LPeralta
8046,53,0,0,0,3,4,0,0,0,63,0,0,69,0,0,8,26,0,33,36,54,JBird
4303,71,0,0,0,4,3,10,0,14,63,0,0,52,0,0,8,31,0,27,29,76,KYates
7204,70,0,0,0,4,3,0,0,5,63,0,0,55,0,0,9,28,0,28,30,75,AVesia
5297,51,0,0,0,4,3,0,0,12,63,0,0,62,0,0,7,23,0,29,32,58,ABanda
4885,48,0,0,0,4,3,34,0,0,63,0,0,45,0,0,6,29,0,21,23,86,DWilliams
6624,42,0,0,0,4,3,2,0,13,63,0,0,56,0,0,6,23,0,24,27,64,IHamilton
4023,18,5,0,0,4,3,0,0,3,63,0,0,63,0,0,7,23,0,30,32,51,JRoss
6598,68,0,0,0,3,4,2,0,9,63,0,0,62,0,0,6,25,0,28,31,64,CFerguson
8142,64,0,0,0,3,4,2,0,12,63,0,0,62,0,0,8,26,0,30,33,61,CHolderman
5819,25,0,0,0,3,4,0,0,9,63,0,0,63,0,0,8,25,0,31,33,59,JWentz
7888,45,0,0,0,4,3,2,0,13,62,0,0,58,0,0,7,18,0,25,27,65,CSands
7431,59,0,0,0,4,3,6,0,8,62,0,0,54,0,0,5,27,0,26,28,67,CDoval
8276,60,0,0,0,4,3,0,0,12,62,0,0,61,0,0,8,23,0,28,31,59,GWeissert
5434,58,0,0,0,3,4,2,0,9,62,0,0,64,0,0,8,20,0,29,32,53,JrgLopez
7904,57,0,0,0,3,4,11,0,9,62,0,0,64,0,0,6,27,0,29,32,62,CFaucher
5432,57,0,0,0,3,4,8,0,7,62,0,0,63,0,0,8,24,0,30,33,61,JTinoco
5707,48,0,0,0,4,3,2,0,10,61,0,0,57,0,0,6,22,0,24,27,65,BHudson
7140,57,0,0,0,4,3,26,0,2,61,0,0,57,0,0,7,21,0,26,28,66,TMegill
8258,66,0,0,0,4,3,2,0,12,61,0,0,53,0,0,6,26,0,26,28,74,JEstrada
6472,69,0,0,0,4,3,2,0,17,61,0,0,60,0,0,7,19,0,27,30,57,JRomero
7908,71,0,0,0,3,4,26,0,0,61,0,0,60,0,0,8,21,0,28,30,56,RSuarez
6036,67,0,0,0,3,4,0,0,4,61,0,0,59,0,0,8,23,0,29,32,58,PMaton
8472,11,11,0,0,2,5,0,0,0,61,0,0,55,0,0,9,30,0,34,37,56,NNastrini
6321,59,0,0,0,3,3,6,0,0,61,0,0,59,0,0,7,26,0,27,30,64,SBarlow
5129,66,0,0,0,3,3,8,0,17,61,0,0,60,0,0,8,22,0,28,30,63,TayRogers
6749,61,0,0,0,4,3,30,0,0,61,0,0,47,0,0,6,25,0,22,25,71,AMunoz
6406,58,0,0,0,3,3,2,0,10,61,0,0,55,0,0,7,19,0,25,28,57,TThornton
7093,64,0,0,0,3,3,0,0,11,61,0,0,60,0,0,6,24,0,28,30,59,JSchreiber
7543,47,0,0,0,3,4,2,0,7,61,0,0,64,0,0,8,21,0,29,32,50,AZerpa
5675,56,0,0,0,4,3,11,0,10,60,0,0,55,0,0,7,21,0,25,27,66,APuk
5992,69,0,0,0,4,3,2,0,10,60,0,0,55,0,0,7,20,0,25,27,64,AMinter
4444,68,0,0,0,4,3,0,0,10,60,0,0,57,0,0,8,26,0,29,31,63,RStanek
7392,68,0,0,0,3,4,0,0,9,60,0,0,53,0,0,9,28,0,28,31,62,NSandlin
5734,15,8,0,0,3,4,0,0,0,60,0,0,54,0,0,9,27,0,30,33,57,TMcKenzie
4263,61,0,0,0,4,3,31,0,0,60,0,0,56,0,0,7,18,0,24,27,58,RPressly
7449,32,0,0,0,4,3,0,0,10,60,0,0,53,0,0,8,28,0,27,29,62,KThompson
1961,11,11,0,0,4,3,0,0,0,60,0,0,51,0,0,7,17,0,25,27,57,CKershaw
9103,77,0,0,0,4,3,0,0,12,60,0,0,55,0,0,4,21,0,23,25,60,BrKing
5059,49,0,0,0,4,3,2,0,12,60,0,0,58,0,0,5,21,0,25,27,56,SArmstrong
8038,52,0,0,0,3,4,2,0,8,60,0,0,54,0,0,5,26,0,26,29,61,TFerguson
7237,80,0,0,0,3,4,0,0,0,60,0,0,53,0,0,6,22,0,25,27,63,PMurfee
8465,58,0,0,0,3,4,2,0,10,60,0,0,52,0,0,6,29,0,26,29,67,MOtanez
4258,69,0,0,0,3,4,0,0,8,60,0,0,60,0,0,6,20,0,27,30,45,TMcFarland
7625,64,0,0,0,4,3,2,0,8,59,0,0,56,0,0,6,28,0,28,31,62,DHernandez
6334,73,0,0,0,3,4,15,0,4,59,0,0,61,0,0,8,25,0,29,31,60,TKinley
9172,55,0,0,0,2,4,3,0,4,59,0,0,64,0,0,9,23,0,32,35,54,SHalvorsen
8278,57,0,0,0,4,3,2,0,10,59,0,0,48,0,0,6,26,0,23,25,75,FCruz
6483,70,0,0,0,3,3,0,0,12,58,0,0,55,0,0,9,24,0,28,30,60,JAlcala
8205,17,3,0,0,3,3,0,0,0,58,0,0,52,0,0,8,22,0,27,30,54,CSilseth
3659,77,0,0,0,3,3,11,0,15,58,0,0,54,0,0,10,18,0,26,28,57,LHendriks
4548,16,5,0,0,3,3,0,0,2,58,0,0,53,0,0,8,17,0,25,28,53,KMaeda
6306,45,0,0,0,3,4,0,0,8,58,0,0,59,0,0,5,25,0,28,31,51,LTrivino
7552,68,0,0,0,3,4,8,0,2,58,0,0,58,0,0,6,20,0,25,28,59,ABender
8734,19,0,0,0,2,4,0,0,3,58,0,0,64,0,0,7,20,0,30,33,46,AVeneziano
7184,41,0,0,0,2,4,0,0,3,58,0,0,63,0,0,8,22,0,31,33,52,LBachar
5730,58,0,0,0,3,3,0,0,9,57,0,0,55,0,0,7,20,0,25,28,54,AMorejon
7464,50,0,0,0,3,3,0,0,9,57,0,0,63,0,0,7,15,0,27,30,39,JKing
7847,11,11,0,0,3,4,0,0,0,57,0,0,52,0,0,8,21,0,28,30,55,BChandler
7882,52,0,0,0,3,3,2,0,16,57,0,0,54,0,0,6,24,0,26,29,49,CSnider
7278,62,0,0,0,3,3,5,0,8,57,0,0,59,0,0,6,17,0,25,28,45,RThompson
2963,60,0,0,0,3,3,27,0,0,57,0,0,52,0,0,7,22,0,24,26,61,KJansen
6307,62,0,0,0,3,3,4,0,14,57,0,0,53,0,0,7,22,0,26,28,58,SDominguez
5835,44,0,0,0,3,3,0,0,8,57,0,0,63,0,0,7,16,0,28,30,45,BSuter
9164,37,0,0,0,3,3,2,0,8,57,0,0,54,0,0,7,25,0,28,30,56,RZeferjahn
7868,60,0,0,0,3,3,20,0,0,57,0,0,56,0,0,7,27,0,29,31,58,ADiaz
2445,59,0,0,0,4,3,2,0,9,56,0,0,53,0,0,5,15,0,23,25,54,RBrasier
4688,51,0,0,0,3,3,6,0,11,56,0,0,50,0,0,7,16,0,22,24,62,YGarcia
7754,11,11,0,0,3,3,0,0,0,56,0,0,54,0,0,6,17,0,26,28,52,APainter
8283,17,2,0,0,3,3,0,0,0,56,0,0,53,0,0,7,17,0,25,27,52,LVarland
7302,11,11,0,0,3,3,0,0,0,56,0,0,48,0,0,9,19,0,26,28,55,LGarcia
3814,11,11,0,0,3,3,0,0,0,56,0,0,49,0,0,6,26,0,26,28,56,LMcCullers
5625,70,0,0,0,3,3,4,0,9,56,0,0,55,0,0,7,18,0,25,27,50,CGreen
8151,11,11,0,0,3,3,0,0,0,56,0,0,48,0,0,7,25,0,27,29,57,DHerz
6121,11,11,0,0,3,3,0,0,0,56,0,0,54,0,0,8,19,0,27,30,51,KWright
2622,11,11,0,0,3,4,0,0,0,56,0,0,58,0,0,8,20,0,30,32,39,WMiley
5494,53,0,0,0,4,2,9,0,10,56,0,0,50,0,0,7,15,0,20,22,65,MStrahm
8736,53,0,0,0,4,3,7,0,8,56,0,0,53,0,0,5,16,0,22,25,59,OKerkering
5898,62,0,0,0,4,3,5,0,7,56,0,0,52,0,0,6,24,0,23,26,61,JAlvarado
6417,34,0,0,0,3,3,25,0,2,56,0,0,55,0,0,6,21,0,24,26,58,JRomano
8024,62,0,0,0,3,3,0,0,9,56,0,0,49,0,0,5,22,0,24,27,59,DYoung
5833,17,3,0,0,3,3,0,0,0,56,0,0,53,0,0,8,15,0,24,26,50,JJunis
5906,54,0,0,0,3,3,0,0,9,56,0,0,53,0,0,6,15,0,22,24,52,HMilner
3740,61,0,0,0,3,3,4,0,0,56,0,0,50,0,0,6,24,0,23,26,57,LJackson
7585,53,0,0,0,3,3,2,0,7,56,0,0,53,0,0,6,23,0,25,28,54,KOrt
7790,12,8,0,0,2,4,0,0,0,56,0,0,52,0,0,9,17,0,29,31,43,GHoglund
7748,15,3,0,0,3,3,0,0,0,55,0,0,56,0,0,6,18,0,26,29,43,GAshcraft
6760,30,0,0,0,3,4,0,0,0,55,0,0,55,0,0,6,16,0,25,27,50,TGilbert
5009,57,0,0,0,3,3,0,0,5,55,0,0,52,0,0,7,23,0,26,28,55,HNeris
6164,46,0,0,0,3,3,0,0,9,55,0,0,48,0,0,6,21,0,21,23,62,MLeiter
8343,56,0,0,0,3,3,0,0,4,55,0,0,53,0,0,5,13,0,20,23,50,KKelly
7030,57,0,0,0,3,3,24,0,0,55,0,0,49,0,0,7,19,0,22,24,59,PFairbanks
4371,56,0,0,0,3,3,4,0,4,54,0,0,48,0,0,7,21,0,23,25,57,TKahnle
6181,60,0,0,0,3,3,0,0,0,54,0,0,51,0,0,7,19,0,24,25,57,JBrebbia
6844,15,3,0,0,3,3,0,0,2,54,0,0,55,0,0,8,17,0,26,29,43,DLynch
8743,58,0,0,0,3,3,0,0,4,54,0,0,49,0,0,8,22,0,24,26,58,YMatsui
6849,55,0,0,0,4,2,5,0,9,53,0,0,51,0,0,5,15,0,20,22,54,KGinkel
7863,57,0,0,0,4,2,31,0,0,53,0,0,42,0,0,6,22,0,20,21,73,FBautista
5165,62,0,0,0,4,2,0,0,9,53,0,0,54,0,0,5,15,0,22,24,45,JMantiply
6241,30,0,0,0,3,3,2,0,11,53,0,0,48,0,0,3,19,0,21,23,46,GSantos
7773,55,0,0,0,3,3,0,0,8,53,0,0,48,0,0,6,22,0,23,26,48,TSaucedo
3462,72,0,0,0,3,3,0,0,4,53,0,0,55,0,0,9,16,0,26,28,51,JusWilson
6583,53,0,0,0,3,3,4,0,8,53,0,0,53,0,0,9,19,0,26,28,50,CPoche
4510,64,0,0,0,2,4,0,0,8,53,0,0,52,0,0,8,31,0,30,32,55,LSims
7906,32,0,0,0,2,4,0,0,0,53,0,0,59,0,0,7,19,0,28,30,44,RHenriquez
7193,52,0,0,0,3,3,2,0,6,53,0,0,48,0,0,5,24,0,23,25,58,NMears
7820,49,0,0,0,3,3,0,0,8,53,0,0,53,0,0,6,22,0,25,27,45,EPeguero
8098,51,0,0,0,3,3,8,0,4,53,0,0,47,0,0,7,26,0,26,28,56,BJoyce
9292,18,0,0,0,3,3,0,0,3,53,0,0,55,0,0,6,18,0,26,28,50,RJohnson
9107,10,10,0,0,2,4,0,0,0,53,0,0,57,0,0,10,19,0,31,33,42,VBellozo
8014,40,0,0,0,3,3,0,0,9,53,0,0,52,0,0,5,17,0,22,24,49,TBanks
5640,59,0,0,0,3,3,0,0,8,53,0,0,53,0,0,6,21,0,25,27,50,SMoll
7555,43,0,0,0,3,3,0,0,8,53,0,0,55,0,0,7,20,0,25,27,47,SLong
6191,46,0,0,0,3,3,0,0,9,52,0,0,49,0,0,6,18,0,23,25,53,NPearson
8648,14,3,0,0,3,3,0,0,0,52,0,0,48,0,0,5,14,0,21,24,46,BHurter
5666,50,0,0,0,3,3,0,0,8,52,0,0,46,0,0,7,17,0,22,23,57,PSewald
7789,10,6,0,0,3,3,0,0,0,52,0,0,50,0,0,6,14,0,23,25,41,MMcGreevy
4790,59,0,0,0,4,2,5,0,9,51,0,0,46,0,0,4,12,0,19,21,56,BTreinen
6296,52,0,0,0,3,3,0,0,8,51,0,0,56,0,0,4,15,0,24,27,30,THill
4729,54,0,0,0,2,3,3,0,9,51,0,0,56,0,0,4,16,0,22,25,39,SAlexander
5043,53,0,0,0,3,3,0,0,4,50,0,0,48,0,0,7,15,0,21,23,50,DCoulombe
8430,29,0,0,0,3,3,0,0,0,50,0,0,50,0,0,6,15,0,21,24,42,BHanifee
8338,26,0,0,0,3,3,0,0,0,50,0,0,48,0,0,8,16,0,23,26,47,MEnglert
6294,54,0,0,0,3,3,0,0,3,50,0,0,45,0,0,5,22,0,22,24,51,GSoto
5468,54,0,0,0,3,3,0,0,0,50,0,0,50,0,0,3,22,0,23,25,39,CPerez
8266,22,0,0,0,3,3,0,0,7,50,0,0,50,0,0,6,16,0,22,25,41,BHoeing
7900,34,0,0,0,2,3,0,0,3,50,0,0,48,0,0,6,22,0,25,27,45,RRodriguez
7987,8,8,0,0,3,3,0,0,0,49,0,0,46,0,0,6,16,0,23,25,41,BElder
8330,40,0,0,0,3,3,0,0,3,49,0,0,52,0,0,6,16,0,23,26,39,JFerrer
7437,12,6,0,0,3,2,0,0,0,49,0,0,44,0,0,7,16,0,22,24,47,LKnack
7936,13,5,0,0,3,3,0,0,2,49,0,0,49,0,0,6,17,0,23,26,42,DJameson
6190,43,0,0,0,3,3,0,0,7,49,0,0,46,0,0,5,20,0,21,24,42,BLittle
6353,47,0,0,0,3,3,0,0,0,49,0,0,48,0,0,6,15,0,22,24,42,RLovelady
6174,33,0,0,0,3,3,0,0,4,49,0,0,44,0,0,5,19,0,22,24,50,JMerryweather
8584,10,10,0,0,2,3,0,0,0,48,0,0,41,0,0,5,15,0,21,23,46,NSchultz
8422,12,6,0,0,3,2,0,0,0,48,0,0,42,0,0,6,12,0,20,21,44,CBradford
6065,35,0,0,0,3,3,0,0,7,48,0,0,45,0,0,6,21,0,22,25,47,FWhitley
9208,28,0,0,0,2,3,0,0,0,48,0,0,45,0,0,4,23,0,22,25,43,NMurdock
7550,32,0,0,0,3,2,0,0,4,47,0,0,43,0,0,5,16,0,19,21,51,DedNunez
7535,14,3,0,0,3,3,0,0,0,47,0,0,42,0,0,7,20,0,23,25,45,YGomez
5107,26,0,0,0,3,2,0,0,9,47,0,0,42,0,0,7,22,0,22,24,51,MKopech
8772,43,0,0,0,2,3,0,0,5,47,0,0,46,0,0,6,17,0,22,24,46,CBooser
5891,41,0,0,0,3,3,0,0,8,46,0,0,46,0,0,7,18,0,23,25,44,JRuiz
4142,51,0,0,0,2,3,0,0,7,46,0,0,42,0,0,5,21,0,20,22,50,AChafin
8361,20,0,0,0,2,3,2,0,7,46,0,0,48,0,0,6,15,0,23,25,38,KLeahy
6473,52,0,0,0,3,2,0,0,6,45,0,0,38,0,0,6,23,0,20,22,56,HCrouse
9206,24,0,0,0,2,3,0,0,3,45,0,0,45,0,0,5,17,0,21,23,39,GMcDaniels
8314,29,0,0,0,2,3,0,0,0,45,0,0,48,0,0,7,19,0,25,27,41,GSoriano
8245,40,0,0,0,3,2,0,0,7,45,0,0,44,0,0,4,17,0,19,22,45,BBernardino
4229,54,0,0,0,3,2,0,0,3,45,0,0,43,0,0,6,17,0,21,22,45,CThielbar
8317,37,0,0,0,3,2,2,0,0,45,0,0,40,0,0,4,23,0,20,22,44,AUribe
4489,38,0,0,0,2,3,0,0,3,44,0,0,47,0,0,5,18,0,22,24,37,CStratton
8423,23,0,0,0,2,3,6,0,0,44,0,0,42,0,0,7,16,0,21,23,42,MChurch
8226,12,3,0,0,2,3,0,0,0,43,0,0,34,0,0,4,26,0,20,22,49,JBoyle
2839,37,0,0,0,3,2,0,0,7,43,0,0,42,0,0,6,14,0,19,21,41,SMiller
3433,14,0,0,0,3,2,0,0,6,43,0,0,41,0,0,4,14,0,18,20,36,AlSuarez
6237,39,0,0,0,2,2,0,0,0,43,0,0,46,0,0,5,17,0,21,23,37,JBeeks
5517,47,0,0,0,2,2,0,0,3,43,0,0,38,0,0,5,16,0,18,20,43,GSpeier
8326,12,3,0,0,2,2,0,0,0,42,0,0,39,0,0,5,13,0,19,21,38,KWinn
9076,36,0,0,0,2,3,0,0,6,42,0,0,43,0,0,5,17,0,20,22,35,CRoycroft
5915,33,0,0,0,2,3,0,0,0,42,0,0,45,0,0,6,12,0,20,21,40,JHerget
8750,38,0,0,0,2,3,2,0,3,42,0,0,46,0,0,7,15,0,22,24,39,AChivilli
6706,36,0,0,0,2,3,2,0,1,42,0,0,42,0,0,4,18,0,21,23,37,JLawrence
9099,23,0,0,0,2,3,0,0,0,41,0,0,43,0,0,5,13,0,20,22,32,SBivens
9252,14,0,0,0,2,2,0,0,0,41,0,0,40,0,0,4,14,0,19,20,35,BLord
8143,28,0,0,0,2,2,0,0,0,41,0,0,38,0,0,6,17,0,19,20,41,EOrze
9084,12,2,0,0,2,2,0,0,0,40,0,0,36,0,0,5,16,0,18,20,41,YDiaz
7848,8,8,0,0,2,2,0,0,0,40,0,0,36,0,0,5,14,0,20,21,34,JWicks
9020,9,5,0,0,2,2,0,0,0,40,0,0,39,0,0,6,12,0,20,22,33,RFitts
8756,11,3,0,0,2,2,0,0,0,40,0,0,36,0,0,5,12,0,17,19,36,BBasso
8808,33,0,0,0,2,2,0,0,0,40,0,0,37,0,0,5,16,0,18,20,39,LContreras
9086,27,0,0,0,2,2,0,0,3,40,0,0,36,0,0,4,13,0,17,19,35,GGarabito
6597,42,0,0,0,3,2,3,0,7,39,0,0,36,0,0,5,11,0,15,17,41,EPhillips
5093,35,0,0,0,2,2,0,0,3,39,0,0,35,0,0,3,21,0,17,19,41,SReidFoley
7470,26,0,0,0,2,2,0,0,3,39,0,0,38,0,0,3,12,0,15,17,36,JTopa
9143,9,3,0,0,1,3,0,0,0,39,0,0,40,0,0,7,14,0,22,23,34,CGillispie
8672,29,0,0,0,2,2,0,0,0,38,0,0,38,0,0,5,14,0,18,20,37,AJacob
6581,46,0,0,0,2,3,6,0,3,38,0,0,36,0,0,4,17,0,17,19,38,JAnderson
8758,6,6,0,0,2,3,0,0,0,38,0,0,35,0,0,5,17,0,20,22,34,JIriarte
2633,39,0,0,0,2,2,0,0,0,38,0,0,34,0,0,4,17,0,17,18,45,CKimbrel
5469,40,0,0,0,2,2,0,0,0,38,0,0,38,0,0,5,14,0,18,20,37,EDeLosSantos
9077,6,6,0,0,2,2,0,0,0,38,0,0,33,0,0,5,13,0,17,18,38,QMathews
5983,44,0,0,0,2,2,0,0,2,37,0,0,41,0,0,4,12,0,18,19,29,TMayza
8727,9,3,0,0,2,2,0,0,0,37,0,0,39,0,0,6,13,0,20,22,32,CSpiers
7028,19,0,0,0,2,2,0,0,5,37,0,0,37,0,0,4,10,0,17,19,32,SHjelle
6720,10,3,0,0,2,2,0,0,0,37,0,0,35,0,0,5,15,0,18,20,30,JBrubaker
8643,19,0,0,0,2,2,0,0,2,37,0,0,40,0,0,3,13,0,18,20,28,ESalazar
8264,36,0,0,0,2,2,3,0,1,37,0,0,35,0,0,5,13,0,16,18,44,ANardi
9166,35,0,0,0,2,2,2,0,0,37,0,0,32,0,0,3,15,0,15,17,42,CYoho
7821,10,3,0,0,2,2,0,0,0,37,0,0,36,0,0,4,11,0,17,19,29,CCriswell
9108,31,0,0,0,2,2,0,0,2,36,0,0,33,0,0,5,15,0,16,17,41,HBigge
9064,12,0,0,0,2,2,0,0,0,36,0,0,32,0,0,4,16,0,16,18,34,DNikhazy
5192,39,0,0,0,2,2,0,0,3,36,0,0,34,0,0,5,15,0,17,18,37,SOkert
6671,33,0,0,0,2,2,0,0,2,35,0,0,34,0,0,5,15,0,17,18,36,BBaker
4230,26,0,0,0,2,2,0,0,5,35,0,0,33,0,0,4,13,0,16,17,35,MTonkin
7494,22,0,0,0,2,2,0,0,2,34,0,0,33,0,0,3,15,0,16,18,34,ROBrien
5850,37,0,0,0,2,2,0,0,2,34,0,0,35,0,0,4,13,0,17,19,26,WPeralta
7635,28,0,0,0,1,2,0,0,5,34,0,0,34,0,0,5,12,0,17,19,31,GVarland
5746,34,0,0,0,2,2,0,0,0,34,0,0,29,0,0,3,10,0,12,13,40,RBurr
7390,27,0,0,0,2,2,0,0,0,34,0,0,32,0,0,4,11,0,15,16,30,EMorgan
8765,8,3,0,0,2,2,0,0,0,34,0,0,34,0,0,4,11,0,17,18,27,SKolek
7380,9,3,0,0,2,2,0,0,0,33,0,0,30,0,0,4,12,0,15,17,30,BMiller
8674,28,0,0,0,2,2,0,0,0,33,0,0,30,0,0,4,15,0,15,17,33,LGuerrero
8078,15,0,0,0,2,2,0,0,2,33,0,0,35,0,0,4,10,0,15,17,24,CThomas
8322,10,2,0,0,1,2,0,0,0,33,0,0,30,0,0,4,15,0,16,18,29,HHarris
7034,11,0,0,0,1,2,0,0,4,33,0,0,37,0,0,3,10,0,16,18,25,TPhillips
7731,6,6,0,0,2,2,0,0,0,32,0,0,28,0,0,4,11,0,14,15,32,THence
7596,28,0,0,0,2,2,0,0,0,32,0,0,30,0,0,4,12,0,15,17,27,SMartinez
8746,6,6,0,0,1,2,0,0,0,32,0,0,30,0,0,5,12,0,16,18,28,KMontero
8714,6,6,0,0,1,2,0,0,0,32,0,0,35,0,0,6,12,0,19,21,25,BBlalock
5198,33,0,0,0,2,2,0,0,4,32,0,0,32,0,0,3,10,0,14,15,26,DFloro
7371,14,0,0,0,2,2,0,0,2,32,0,0,33,0,0,4,14,0,17,19,25,BJarvis
8838,21,0,0,0,2,2,0,0,2,32,0,0,30,0,0,5,11,0,15,16,32,JSterner
7124,22,0,0,0,2,2,0,0,0,31,0,0,32,0,0,4,14,0,16,17,30,CHernandez
9180,7,3,0,0,2,2,0,0,0,31,0,0,30,0,0,4,11,0,15,17,26,RGusto
6031,7,3,0,0,2,2,0,0,0,31,0,0,29,0,0,4,11,0,15,16,27,MManning
9109,7,3,0,0,1,2,0,0,0,31,0,0,35,0,0,5,9,0,17,18,25,TGordon
7652,30,0,0,0,2,2,0,0,2,31,0,0,27,0,0,4,15,0,14,15,36,JCousins
7049,7,3,0,0,2,2,0,0,0,30,0,0,29,0,0,4,10,0,14,15,26,QPriester
7021,22,0,0,0,2,2,2,0,5,30,0,0,29,0,0,4,9,0,14,15,28,TMiller
4958,12,3,0,0,1,2,0,0,0,30,0,0,29,0,0,4,19,0,17,18,30,SNewcomb
7511,7,3,0,0,2,2,0,0,0,30,0,0,29,0,0,5,8,0,14,15,26,SCecconi
7376,10,0,0,0,1,2,0,0,3,30,0,0,30,0,0,4,12,0,15,16,23,JShuster
8647,7,3,0,0,2,2,0,0,0,29,0,0,28,0,0,4,9,0,14,15,28,NCameron
8723,29,0,0,0,1,2,0,0,0,29,0,0,31,0,0,3,18,0,17,18,28,EJustice
8657,5,5,0,0,1,2,0,0,0,29,0,0,31,0,0,5,10,0,16,18,24,RSnelling
7531,40,0,0,0,1,2,0,0,2,29,0,0,32,0,0,5,17,0,17,19,28,LGilbreath
7500,31,0,0,0,1,2,8,0,1,29,0,0,31,0,0,3,9,0,13,14,23,JFoley
7588,13,0,0,0,2,2,0,0,2,29,0,0,29,0,0,3,9,0,13,14,23,JWinckowski
8492,32,0,0,0,2,2,0,0,0,29,0,0,28,0,0,4,12,0,14,15,28,ZBrzykcy
9157,28,0,0,0,1,2,0,0,0,29,0,0,29,0,0,4,13,0,14,15,28,ORibalta
7524,31,0,0,0,2,2,4,0,0,28,0,0,24,0,0,2,13,0,12,13,32,MBrash
6149,10,0,0,0,2,2,0,0,2,28,0,0,30,0,0,4,7,0,13,14,24,TAlexander
6988,7,3,0,0,2,2,0,0,0,28,0,0,28,0,0,3,7,0,12,14,25,BAshcraft
6145,7,3,0,0,2,2,0,0,0,28,0,0,25,0,0,3,12,0,14,15,27,DHall
9153,32,0,0,0,2,2,0,0,4,28,0,0,25,0,0,4,12,0,13,14,27,TTaylor
8621,7,3,0,0,2,2,0,0,0,28,0,0,24,0,0,4,14,0,14,15,29,JMisiorowski
8731,7,3,0,0,1,2,0,0,0,28,0,0,26,0,0,4,8,0,13,14,27,SGipsonLong
9021,38,0,0,0,1,2,0,0,2,28,0,0,25,0,0,4,13,0,13,14,30,AWalters
8726,24,0,0,0,1,2,0,0,0,28,0,0,29,0,0,3,12,0,14,15,26,SCruz
4316,27,0,0,0,1,2,0,0,0,28,0,0,27,0,0,4,12,0,13,15,26,RMontero
9159,27,0,0,0,1,2,0,0,2,28,0,0,26,0,0,3,12,0,13,14,26,GHolman
9066,9,0,0,0,2,1,0,0,0,27,0,0,26,0,0,3,9,0,12,13,24,JWrobleski
5811,20,0,0,0,2,1,0,0,4,27,0,0,23,0,0,3,11,0,11,12,34,BStewart
6659,13,0,0,0,1,2,0,0,0,27,0,0,25,0,0,3,13,0,13,14,29,JWaguespack
6315,21,0,0,0,1,2,0,0,0,27,0,0,27,0,0,3,13,0,14,15,23,JHernandez
8297,20,0,0,0,1,2,0,0,5,27,0,0,26,0,0,3,12,0,13,14,26,SReynolds
6740,28,0,0,0,2,1,0,0,4,26,0,0,23,0,0,4,11,0,12,13,32,APerdomo
6604,28,0,0,0,1,2,0,0,5,26,0,0,25,0,0,4,10,0,12,13,25,ESwanson
5498,26,0,0,0,1,2,0,0,0,26,0,0,26,0,0,3,9,0,12,13,22,JBarnes
8080,19,0,0,0,1,1,0,0,0,26,0,0,25,0,0,3,11,0,12,14,24,HBrazoban
8113,5,5,0,0,1,2,0,0,0,25,0,0,23,0,0,4,9,0,13,14,23,AMacko
1202,21,0,0,0,2,1,0,0,0,25,0,0,26,0,0,3,8,0,12,13,23,JChavez
8908,5,5,0,0,1,2,0,0,0,25,0,0,23,0,0,4,9,0,13,14,22,CDana
8399,19,0,0,0,1,2,0,0,1,25,0,0,25,0,0,3,16,0,13,14,29,JYan
8826,5,5,0,0,1,2,0,0,0,25,0,0,26,0,0,4,8,0,13,14,20,AMazur
8407,21,0,0,0,1,2,2,0,2,25,0,0,27,0,0,2,9,0,12,13,22,DCronin
7537,26,0,0,0,1,1,0,0,0,24,0,0,26,0,0,3,9,0,12,13,19,MThompson
9009,5,5,0,0,1,1,0,0,0,24,0,0,21,0,0,4,7,0,11,12,24,LHenderson
6345,26,0,0,0,1,1,0,0,0,24,0,0,25,0,0,3,10,0,12,13,22,IGibaut
9102,5,5,0,0,1,2,0,0,0,24,0,0,22,0,0,4,10,0,13,14,20,JBloss
7830,5,5,0,0,1,2,0,0,0,24,0,0,28,0,0,4,8,0,14,15,17,JJunk
9170,22,0,0,0,1,1,0,0,4,24,0,0,21,0,0,2,11,0,10,11,27,ESabrowski
7504,21,0,0,0,1,1,0,0,4,24,0,0,23,0,0,3,12,0,12,13,23,JLatz
9160,8,0,0,0,1,1,0,0,2,23,0,0,21,0,0,3,10,0,11,12,23,BCasparius
5149,9,0,0,0,1,1,0,0,0,23,0,0,24,0,0,3,7,0,11,12,18,RYarbrough
8491,12,0,0,0,1,1,0,0,0,23,0,0,22,0,0,2,9,0,10,11,23,KFunderburk
8204,8,0,0,0,1,1,0,0,0,23,0,0,23,0,0,3,7,0,11,12,18,GGraceffo
8362,17,0,0,0,1,1,0,0,0,23,0,0,24,0,0,2,9,0,11,12,19,RLoutos
6087,11,0,0,0,1,1,0,0,3,23,0,0,21,0,0,3,9,0,10,11,22,AFaedo
8719,6,2,0,0,1,1,0,0,0,22,0,0,19,0,0,3,9,0,10,10,24,CMcDermott
7530,20,0,0,0,1,1,0,0,2,21,0,0,21,0,0,3,8,0,11,12,15,CVargas
7796,19,0,0,0,1,1,0,0,1,21,0,0,20,0,0,3,6,0,9,10,17,SGuenther
5899,17,0,0,0,1,1,0,0,0,21,0,0,21,0,0,4,7,0,10,11,19,RBorucki
5695,16,0,0,0,1,1,0,0,0,21,0,0,18,0,0,3,11,0,10,11,22,ALange
7659,13,0,0,0,1,1,0,0,0,21,0,0,21,0,0,3,10,0,11,12,20,KNicolas
8693,3,3,0,0,1,1,0,0,0,20,0,0,19,0,0,3,6,0,10,11,16,AWinans
7574,7,0,0,0,1,1,0,0,1,20,0,0,20,0,0,3,6,0,10,11,17,TBeck
7043,7,0,0,0,1,1,0,0,3,20,0,0,20,0,0,2,8,0,10,11,18,JRutledge
8759,7,0,0,0,1,1,0,0,0,20,0,0,20,0,0,2,7,0,10,11,16,TMcDonald
8313,10,0,0,0,1,1,0,0,0,20,0,0,20,0,0,3,10,0,10,11,23,JSimpson
8866,14,0,0,0,1,1,0,0,0,20,0,0,22,0,0,3,7,0,11,12,20,LArias
7617,15,0,0,0,1,1,0,0,1,20,0,0,20,0,0,2,9,0,10,11,19,YZulueta
8869,6,2,0,0,1,1,0,0,0,20,0,0,16,0,0,2,9,0,9,9,20,ETeodo
9237,16,0,0,0,1,1,0,0,0,20,0,0,19,0,0,3,9,0,10,11,19,LVanWey
7448,25,0,0,0,1,1,0,0,0,20,0,0,19,0,0,3,8,0,10,11,18,BSousa
7444,7,0,0,0,1,1,0,0,1,19,0,0,16,0,0,2,8,0,8,8,21,CBeeter
6304,21,0,0,0,1,1,0,0,0,19,0,0,21,0,0,2,6,0,9,10,14,JLoaisiga
2835,18,0,0,0,1,1,0,0,0,19,0,0,20,0,0,4,9,0,10,11,16,TMatzek
7891,17,0,0,0,1,1,0,0,0,19,0,0,18,0,0,3,8,0,9,10,19,RMarinaccio
7864,16,0,0,0,1,1,0,0,0,19,0,0,22,0,0,3,6,0,11,11,15,LGillaspie
4096,21,0,0,0,1,1,0,0,0,19,0,0,17,0,0,3,6,0,8,9,21,RStephenson
6641,3,3,0,0,1,1,0,0,0,19,0,0,17,0,0,2,7,0,8,9,18,PSandoval
6330,6,0,0,0,1,1,0,0,0,19,0,0,18,0,0,2,8,0,9,10,14,BKeller
5973,3,3,0,0,1,1,0,0,0,19,0,0,17,0,0,3,7,0,9,10,16,DDunning
9190,5,2,0,0,1,1,0,0,0,18,0,0,17,0,0,2,6,0,8,8,18,BYoung
8544,3,3,0,0,1,1,0,0,0,18,0,0,17,0,0,2,8,0,10,11,16,HWaldrep
8540,3,3,0,0,1,1,0,0,0,18,0,0,18,0,0,2,5,0,9,9,15,THarrington
6351,14,0,0,0,1,1,0,0,0,18,0,0,17,0,0,3,8,0,9,10,17,CSulser
7528,12,0,0,0,1,1,2,0,0,18,0,0,16,0,0,2,6,0,7,8,18,EBazardo
8999,3,3,0,0,1,1,0,0,0,18,0,0,16,0,0,2,7,0,9,10,15,BSproat
5927,23,0,0,0,1,1,2,0,0,18,0,0,18,0,0,3,6,0,8,9,16,AKittredge
5206,16,0,0,0,1,1,0,0,0,18,0,0,18,0,0,2,7,0,8,9,15,MBowman
7826,6,0,0,0,1,1,0,0,0,17,0,0,17,0,0,2,7,0,8,9,15,KTyler
7978,3,3,0,0,1,1,0,0,0,17,0,0,17,0,0,2,7,0,9,10,14,JFrance
7411,13,0,0,0,1,1,0,0,0,17,0,0,18,0,0,3,5,0,9,9,13,MKranick
9301,3,3,0,0,1,1,0,0,0,17,0,0,16,0,0,2,7,0,8,9,15,CSchlittler
1141,3,3,0,0,1,1,0,0,0,17,0,0,16,0,0,3,6,0,9,10,14,CCarrasco
8823,3,3,0,0,1,1,0,0,0,17,0,0,16,0,0,2,6,0,9,10,14,RBergert
8441,6,0,0,0,1,1,0,0,0,17,0,0,18,0,0,2,5,0,8,9,13,DDodd
8667,15,0,0,0,1,1,0,0,0,17,0,0,18,0,0,2,6,0,8,9,14,AWillingham
8810,3,3,0,0,1,1,0,0,0,17,0,0,15,0,0,3,5,0,8,9,15,CGordon
8031,3,3,0,0,1,1,0,0,0,17,0,0,17,0,0,2,6,0,9,10,13,CPetty
8433,14,0,0,0,1,1,0,0,0,17,0,0,17,0,0,2,6,0,8,9,16,BEisert
7686,15,0,0,0,1,1,0,0,0,17,0,0,18,0,0,2,6,0,8,9,16,JHill
6313,15,0,0,0,1,1,0,0,0,17,0,0,19,0,0,2,8,0,9,10,14,DCastillo
7189,17,0,0,0,1,1,0,0,0,17,0,0,16,0,0,3,9,0,10,10,17,SWilson
3808,18,0,0,0,1,1,0,0,0,16,0,0,16,0,0,2,7,0,8,8,16,MFulmer
8218,6,0,0,0,1,1,0,0,0,16,0,0,15,0,0,2,6,0,8,8,15,MBlack
7840,18,0,0,0,1,1,0,0,0,16,0,0,16,0,0,3,6,0,8,8,18,DMoreta
7812,13,0,0,0,1,1,0,0,0,16,0,0,17,0,0,2,5,0,8,9,16,HStratton
9316,13,0,0,0,1,1,0,0,0,16,0,0,17,0,0,2,6,0,8,9,12,JPeguero
6394,19,0,0,0,1,1,0,0,0,16,0,0,18,0,0,3,8,0,9,10,15,TRainey
9204,11,0,0,0,1,1,0,0,0,16,0,0,17,0,0,2,6,0,9,9,15,JRooney
8357,15,0,0,0,1,1,0,0,0,16,0,0,15,0,0,1,7,0,7,7,16,ESisk
7004,5,0,0,0,1,1,0,0,0,16,0,0,15,0,0,1,8,0,7,8,15,AAshby
8109,3,3,0,0,1,1,0,0,0,16,0,0,14,0,0,2,5,0,7,8,15,ISeymour
8079,3,3,0,0,1,1,0,0,0,16,0,0,15,0,0,2,6,0,8,9,12,CKilian
7036,3,3,0,0,1,1,0,0,0,16,0,0,14,0,0,2,6,0,8,8,15,AManoah
9131,3,3,0,0,1,1,0,0,0,16,0,0,14,0,0,2,7,0,8,9,15,SAldegheri
8705,3,3,0,0,1,1,0,0,0,16,0,0,16,0,0,2,5,0,8,9,14,TRoby
6976,5,0,0,0,1,1,0,0,0,16,0,0,17,0,0,2,5,0,8,9,14,JBowlan
8598,3,3,0,0,1,1,0,0,0,16,0,0,14,0,0,2,6,0,8,9,15,CWhisenhunt
9192,14,0,0,0,1,1,0,0,0,16,0,0,16,0,0,2,10,0,9,10,14,LMey
8854,3,3,0,0,1,1,0,0,0,16,0,0,16,0,0,3,7,0,9,10,16,CPalmquist
6040,12,0,0,0,1,1,0,0,0,16,0,0,14,0,0,2,6,0,7,8,17,JSborz
8669,5,0,0,0,1,1,0,0,0,16,0,0,13,0,0,2,6,0,7,7,16,JaLopez
6730,9,0,0,0,1,1,0,0,0,16,0,0,15,0,0,2,7,0,8,8,14,PMurphy
9197,14,0,0,0,1,1,0,0,0,15,0,0,15,0,0,2,6,0,7,7,15,JDreyer
7094,5,0,0,0,1,1,0,0,0,15,0,0,15,0,0,2,5,0,7,8,13,RDobnak
7563,13,0,0,0,1,1,0,0,0,15,0,0,16,0,0,2,6,0,8,8,12,YeDeLosSantos
7236,13,0,0,0,1,1,0,0,0,15,0,0,16,0,0,2,5,0,8,8,14,AMisiewicz
8324,16,0,0,0,1,1,0,0,0,15,0,0,15,0,0,2,6,0,8,8,14,TCosgrove
7634,12,0,0,0,1,1,0,0,0,15,0,0,15,0,0,2,6,0,7,8,14,NRobertson
6634,15,0,0,0,1,1,0,0,1,15,0,0,15,0,0,2,5,0,7,8,12,ZPop
9152,10,0,0,0,1,1,0,0,1,14,0,0,14,0,0,2,4,0,6,7,12,MLazar
8265,7,0,0,0,1,1,0,0,0,13,0,0,13,0,0,2,4,0,6,6,12,KHerget
7024,13,0,0,0,1,1,2,0,0,13,0,0,11,0,0,2,7,0,6,6,16,JKarinchak
5015,12,0,0,0,1,1,0,0,2,12,0,0,13,0,0,2,5,0,6,7,12,BFarmer
7966,4,0,0,0,1,1,0,0,0,12,0,0,13,0,0,2,5,0,6,7,11,MBurrows
9194,7,0,0,0,1,1,0,0,0,12,0,0,13,0,0,1,4,0,6,7,10,TOwens
9260,12,0,0,0,1,1,0,0,0,12,0,0,13,0,0,2,4,0,6,7,12,ZAgnos
9187,4,0,0,0,1,1,0,0,0,12,0,0,11,0,0,1,4,0,5,5,11,CPatrick
7897,9,0,0,0,1,1,0,0,0,12,0,0,13,0,0,2,4,0,6,6,11,JMcArthur
5739,11,0,0,0,1,1,0,0,0,12,0,0,12,0,0,1,6,0,6,6,12,JStaumont
7079,8,0,0,0,1,1,0,0,0,12,0,0,12,0,0,1,5,0,6,6,12,ESmall
6276,4,0,0,0,1,1,0,0,0,12,0,0,12,0,0,2,5,0,6,7,11,ElvRodriguez
8800,10,0,0,0,1,1,0,0,0,12,0,0,12,0,0,1,6,0,6,7,13,ZMaxwell
6001,8,0,0,0,1,1,0,0,0,12,0,0,12,0,0,1,7,0,6,7,13,AMoore
7648,4,0,0,0,1,1,0,0,0,12,0,0,12,0,0,2,6,0,6,7,11,CHenry
8638,4,0,0,0,0,1,0,0,0,12,0,0,13,0,0,2,4,0,6,7,10,PMonteverde
6474,8,0,0,0,1,1,0,0,0,12,0,0,12,0,0,1,3,0,5,5,9,BGraterol
4598,12,0,0,0,1,1,0,0,0,12,0,0,12,0,0,1,4,0,5,6,10,LGarcia
7927,10,0,0,0,1,1,0,0,1,12,0,0,11,0,0,2,3,0,5,5,13,NEnright
8783,8,0,0,0,1,1,0,0,0,12,0,0,11,0,0,1,4,0,5,5,11,WPennington
8732,9,0,0,0,1,1,0,0,0,12,0,0,11,0,0,2,5,0,5,6,13,NHernandez
7395,7,0,0,0,1,1,0,0,1,12,0,0,11,0,0,1,6,0,5,6,12,SDubin
8426,9,0,0,0,1,1,0,0,0,12,0,0,11,0,0,1,4,0,5,6,12,DRobert
6591,13,0,0,0,1,1,0,0,0,12,0,0,11,0,0,1,4,0,5,6,12,TStephan
5143,13,0,0,0,1,1,0,0,0,12,0,0,12,0,0,1,4,0,6,6,10,MCastro
8468,12,0,0,0,1,1,0,0,0,12,0,0,11,0,0,1,5,0,5,6,12,AMisiaszek
8318,4,0,0,0,1,1,0,0,0,11,0,0,10,0,0,2,4,0,5,5,12,BHeadrick
5150,6,0,0,0,1,1,0,0,0,11,0,0,12,0,0,1,4,0,5,6,10,SBlewett
6711,12,0,0,0,1,1,0,0,0,11,0,0,12,0,0,2,4,0,6,6,10,NAnderson
9343,12,0,0,0,1,1,0,0,0,11,0,0,11,0,0,1,5,0,6,6,10,BRodriguez
8298,4,0,0,0,1,1,0,0,0,11,0,0,12,0,0,1,4,0,6,6,8,JBrito
8671,7,0,0,0,1,1,0,0,0,11,0,0,10,0,0,1,5,0,5,5,12,DPalencia
8729,9,0,0,0,1,1,0,0,0,11,0,0,10,0,0,1,6,0,5,5,12,LLittle
7867,12,0,0,0,1,1,0,0,0,11,0,0,11,0,0,1,5,0,5,6,11,ERoberts
5353,12,0,0,0,1,1,0,0,0,11,0,0,11,0,0,1,3,0,5,5,9,DTate
8460,10,0,0,0,1,1,0,0,0,11,0,0,10,0,0,1,5,0,5,5,12,JWalker
7590,10,0,0,0,1,1,0,0,1,11,0,0,11,0,0,1,4,0,5,6,10,TNance
6714,14,0,0,0,1,1,0,0,0,11,0,0,10,0,0,1,6,0,6,6,13,JQuijada
8822,13,0,0,0,1,1,0,0,0,11,0,0,11,0,0,2,5,0,6,6,11,MPetersen
7352,7,0,0,0,1,1,0,0,0,11,0,0,12,0,0,2,4,0,6,6,11,JDashwood
8728,6,0,0,0,1,1,0,0,0,10,0,0,10,0,0,1,5,0,4,5,10,ASaalfrank
8023,8,0,0,0,1,1,0,0,0,10,0,0,10,0,0,2,4,0,5,5,11,DSweet
7854,4,0,0,0,1,1,0,0,0,10,0,0,10,0,0,1,4,0,5,5,10,ARangel
7391,7,0,0,0,1,1,0,0,0,10,0,0,11,0,0,2,3,0,5,5,11,KNelson
8323,9,0,0,0,1,1,0,0,0,10,0,0,10,0,0,1,5,0,5,5,11,CSelby
8455,8,0,0,0,1,1,0,0,0,10,0,0,10,0,0,1,4,0,5,5,10,KStrowd
8718,8,0,0,0,1,1,0,0,0,10,0,0,10,0,0,2,5,0,5,6,11,JMcMillon
7336,8,0,0,0,1,1,0,0,0,10,0,0,10,0,0,1,4,0,5,5,9,CBolton
8319,6,0,0,0,1,1,0,0,0,10,0,0,10,0,0,1,4,0,5,5,9,CLegumina
6524,5,0,0,0,1,1,0,0,0,10,0,0,11,0,0,2,5,0,6,6,9,MMercado
5713,9,0,0,0,1,1,0,0,0,10,0,0,9,0,0,1,5,0,5,6,10,SFujinami
6523,7,0,0,0,0,1,0,0,0,10,0,0,10,0,0,1,5,0,5,6,9,JKowar
8855,2,2,0,0,0,1,0,0,0,10,0,0,10,0,0,2,3,0,5,5,8,JRock
9198,2,2,0,0,0,1,0,0,0,9,0,0,9,0,0,2,3,0,5,5,8,TAdams
8784,2,2,0,0,0,1,0,0,0,9,0,0,8,0,0,1,3,0,4,5,9,MBarnett
9006,2,2,0,0,1,0,0,0,0,9,0,0,8,0,0,1,4,0,4,5,7,DHackenberg
8594,2,2,0,0,0,1,0,0,0,9,0,0,9,0,0,1,4,0,5,5,8,CMena
6279,2,2,0,0,0,1,0,0,0,9,0,0,9,0,0,1,4,0,5,5,6,JLucchesi
7482,2,2,0,0,1,0,0,0,0,8,0,0,7,0,0,1,3,0,3,4,9,KBradish
6201,2,2,0,0,0,1,0,0,0,8,0,0,8,0,0,1,3,0,4,5,7,TRogers
7837,2,2,0,0,0,1,0,0,0,8,0,0,7,0,0,1,3,0,4,4,7,JDiaz
9183,2,2,0,0,0,1,0,0,0,8,0,0,8,0,0,1,3,0,4,5,6,BCastano
7056,2,2,0,0,0,1,0,0,0,8,0,0,8,0,0,1,4,0,5,5,7,JGray
9392,2,2,0,0,0,0,0,0,0,8,0,0,7,0,0,1,3,0,4,5,7,JPintaro
7518,2,2,0,0,0,1,0,0,0,8,0,0,8,0,0,1,4,0,4,5,7,LRichardson
8988,2,2,0,0,0,1,0,0,0,8,0,0,7,0,0,1,3,0,4,5,6,LEvans